0 0.259670 0.063908 0.504717 0.097617
0 0.865755 0.023866 0.045283 0.023768
0 0.930849 0.025139 0.050000 0.026314
0 0.089269 0.145609 0.152123 0.044564
0 0.338679 0.147731 0.233491 0.053053
0 0.731368 0.156220 0.226415 0.053053
0 0.037539 0.346270 0.051101 0.273221
0 0.110505 0.481112 0.099744 0.019453
0 0.130651 0.505428 0.073211 0.023874
0 0.274175 0.280396 0.043239 0.033600
0 0.346403 0.268460 0.039308 0.027410
0 0.419123 0.238839 0.043239 0.035368
0 0.489141 0.245028 0.038817 0.030063
0 0.560387 0.308249 0.037834 0.029179
0 0.420106 0.332565 0.343947 0.024758
0 0.318151 0.432215 0.154776 0.029179
0 0.507075 0.432215 0.120873 0.030947
0 0.350825 0.501625 0.097288 0.042442
0 0.535328 0.496762 0.089917 0.043326
0 0.673854 0.286420 0.037062 0.027284
0 0.744820 0.242841 0.034114 0.026526
0 0.888224 0.218967 0.033693 0.027284
0 0.818523 0.295514 0.038325 0.022737
0 0.959821 0.293620 0.035377 0.025010
0 0.815996 0.336062 0.330610 0.025010
0 0.724681 0.435924 0.139428 0.036201
0 0.740982 0.501459 0.099889 0.044939
0 0.900874 0.431555 0.114456 0.034952
0 0.919603 0.502084 0.106132 0.053677
0 0.088090 0.572151 0.156840 0.040320
0 0.035024 0.794972 0.057783 0.324681
0 0.124039 0.940339 0.123166 0.021221
0 0.128625 0.965883 0.068571 0.022007
0 0.377358 0.623438 0.283892 0.033796
0 0.255722 0.672168 0.024895 0.024365
0 0.282145 0.711073 0.051537 0.023579
0 0.339579 0.672954 0.042365 0.025937
0 0.338269 0.838399 0.039745 0.279803
0 0.417540 0.672561 0.096960 0.025151
0 0.509041 0.672561 0.076433 0.028295
0 0.597572 0.673347 0.082110 0.029867
0 0.679027 0.674526 0.071191 0.033796
0 0.676188 0.818357 0.067261 0.211424
0 0.750087 0.672168 0.063941 0.032224
0 0.751310 0.828968 0.067261 0.265656
0 0.831412 0.671382 0.077743 0.025937
0 0.920292 0.670203 0.090409 0.028295
0 0.862421 0.842722 0.017470 0.035368
0 0.944532 0.840364 0.050664 0.286877