0 0.056840 0.041593 0.108491 0.034411
0 0.772309 0.084607 0.093675 0.061449
0 0.033844 0.358668 0.045991 0.511253
0 0.304481 0.379372 0.033019 0.041409
0 0.526769 0.611836 0.937500 0.044243
0 0.093396 0.672056 0.108491 0.041785
0 0.231368 0.678201 0.113208 0.049159
0 0.378774 0.672056 0.101415 0.051617
0 0.531486 0.670827 0.109670 0.034411
0 0.043868 0.756855 0.066038 0.049159
0 0.246108 0.813388 0.086085 0.083570
0 0.368160 0.751939 0.049528 0.039327
0 0.591627 0.874837 0.107311 0.226131
0 0.723703 0.751939 0.104953 0.039327
0 0.917689 0.877295 0.099057 0.226131
0 0.189322 0.044603 0.093268 0.029048
0 0.306443 0.041251 0.071291 0.026814
0 0.059605 0.085382 0.073971 0.056980
0 0.878645 0.086500 0.076115 0.036869
0 0.961996 0.087058 0.025193 0.044690
0 0.429670 0.458084 0.249528 0.114049