0 0.089269 0.453612 0.133255 0.866731
0 0.036792 0.927262 0.073113 0.051271
0 0.045047 0.972429 0.054245 0.039064
0 0.411203 0.024772 0.411557 0.049544
0 0.355189 0.253409 0.339623 0.373549
0 0.803302 0.213124 0.301887 0.336926
0 0.497288 0.531739 0.286557 0.061037
0 0.235495 0.534181 0.104953 0.051271
0 0.234906 0.618413 0.087264 0.058596
0 0.505542 0.623296 0.116745 0.058596
0 0.762618 0.613530 0.102594 0.063479
0 0.221840 0.796213 0.019340 0.195320
0 0.335991 0.909987 0.189151 0.024415
0 0.255094 0.964027 0.076415 0.071946
0 0.482783 0.789865 0.024057 0.200203
0 0.597217 0.911940 0.188774 0.026368
0 0.553868 0.962723 0.159434 0.071292
0 0.744245 0.793772 0.026415 0.198249
0 0.857500 0.908034 0.188208 0.030275
0 0.813396 0.961747 0.157547 0.073245