0 0.045761 0.034580 0.038981 0.052859
0 0.051002 0.095192 0.054704 0.024668
0 0.040356 0.149108 0.041274 0.026782
0 0.060502 0.191184 0.080254 0.033125
0 0.022668 0.244466 0.039308 0.026077
0 0.048054 0.329746 0.054049 0.107833
0 0.197524 0.088637 0.030136 0.029601
0 0.272209 0.089695 0.079927 0.030306
0 0.248297 0.172296 0.168370 0.099375
0 0.234539 0.253981 0.121200 0.019734
0 0.246167 0.290278 0.088771 0.027487
0 0.205549 0.348775 0.037015 0.024668
0 0.258779 0.433844 0.108097 0.028192
0 0.636940 0.031817 0.555719 0.052331
0 0.388193 0.090491 0.022848 0.030130
0 0.436468 0.088905 0.035377 0.033301
0 0.488797 0.089698 0.042748 0.034887
0 0.545548 0.087320 0.029481 0.026958
0 0.605985 0.090491 0.035377 0.030130
0 0.467423 0.149958 0.204894 0.034887
0 0.684753 0.568030 0.618916 0.777320
0 0.383819 0.980771 0.018458 0.023166
0 0.491745 0.979668 0.037428 0.025372