0 0.270873 0.056694 0.465802 0.072436
0 0.114092 0.338355 0.166077 0.352520
0 0.090261 0.596105 0.173447 0.049498
0 0.097386 0.672162 0.133648 0.054327
0 0.310824 0.186910 0.057100 0.038124
0 0.402992 0.181573 0.085030 0.048799
0 0.521537 0.183860 0.065169 0.047274
0 0.621355 0.343390 0.731132 0.134335
0 0.302297 0.503354 0.041017 0.028974
0 0.300759 0.575664 0.082034 0.041572
0 0.477133 0.577553 0.105619 0.042831
0 0.608644 0.575664 0.085623 0.049130
0 0.757691 0.571255 0.114848 0.050390
0 0.869206 0.573144 0.055886 0.039052
0 0.616655 0.658533 0.713353 0.080236
0 0.971344 0.061041 0.029481 0.063743