0 0.214903 0.039812 0.379043 0.055541
0 0.057390 0.100908 0.067385 0.022217
0 0.087152 0.226876 0.137017 0.159960
0 0.049248 0.344624 0.093778 0.026660
0 0.081536 0.482367 0.122417 0.213279
0 0.026505 0.616333 0.044924 0.026660
0 0.077325 0.690203 0.116240 0.089977
0 0.057390 0.760741 0.110063 0.026660
0 0.068902 0.806285 0.097147 0.033325
0 0.224281 0.739080 0.053908 0.036657
0 0.397574 0.876489 0.084232 0.237718
0 0.487983 0.742079 0.040431 0.035547
0 0.666835 0.880481 0.072439 0.239037
0 0.785995 0.739857 0.089286 0.031103
0 0.942161 0.872046 0.078616 0.231053
0 0.216146 0.094612 0.024076 0.024299
0 0.267738 0.093640 0.036851 0.020411
0 0.332842 0.097528 0.049135 0.030131
0 0.394900 0.097528 0.031938 0.032075
0 0.447966 0.094126 0.034886 0.029159
0 0.503980 0.096070 0.032921 0.027215
0 0.559994 0.095098 0.038817 0.031103
0 0.638660 0.096556 0.072720 0.028187
0 0.285005 0.144065 0.152681 0.038061
0 0.215181 0.199928 0.036619 0.029466
0 0.303625 0.194403 0.125372 0.025783
0 0.446313 0.195631 0.111097 0.030694
0 0.563617 0.197473 0.041584 0.029466
0 0.650261 0.194403 0.039101 0.025783
0 0.215348 0.260801 0.054427 0.026916
0 0.324202 0.264389 0.101597 0.034094
0 0.448930 0.282334 0.098875 0.073571
0 0.740203 0.302969 0.139695 0.071777
0 0.874909 0.293997 0.102504 0.039477
0 0.974481 0.291444 0.025000 0.034525
0 0.221934 0.464880 0.040094 0.301182
0 0.476831 0.608352 0.477248 0.037049
0 0.887486 0.611782 0.225028 0.035677
0 0.260266 0.662554 0.079079 0.032933
0 0.363277 0.668043 0.067286 0.038422
0 0.459004 0.665298 0.040927 0.032933
0 0.576720 0.668043 0.063818 0.038422
0 0.694645 0.666670 0.080466 0.030188