0 0.027957 0.027728 0.051348 0.023256
0 0.064530 0.120906 0.061766 0.143113
0 0.088001 0.235642 0.060942 0.044414
0 0.056582 0.281722 0.030059 0.016655
0 0.061688 0.328912 0.057730 0.056752
0 0.046412 0.382888 0.074943 0.016655
0 0.064530 0.449510 0.056825 0.091913
0 0.058765 0.525507 0.102943 0.022824
0 0.073589 0.611560 0.077413 0.127074
0 0.027347 0.697304 0.036648 0.017272
0 0.055347 0.750663 0.043236 0.053667
0 0.026317 0.806428 0.040354 0.021590
0 0.072230 0.873913 0.076178 0.094380
0 0.201418 0.937133 0.039236 0.028111
0 0.220183 0.972911 0.075629 0.023000
0 0.409539 0.937559 0.039236 0.030667
0 0.430579 0.973337 0.084727 0.022148
0 0.616353 0.937133 0.044354 0.028111
0 0.641657 0.971633 0.089276 0.022148
0 0.822200 0.938836 0.039805 0.029815
0 0.838406 0.972485 0.075629 0.020445
0 0.960094 0.871965 0.054021 0.020445
0 0.845230 0.789761 0.083590 0.067297
0 0.962653 0.807650 0.034118 0.028111
0 0.759934 0.809353 0.027863 0.029815
0 0.626247 0.770594 0.063687 0.025556
0 0.649277 0.808502 0.063119 0.038334
0 0.429726 0.792316 0.081884 0.070704
0 0.556817 0.808928 0.025589 0.028963
0 0.345795 0.809353 0.038667 0.038334
0 0.218705 0.791890 0.075629 0.068149
0 0.217567 0.873669 0.090413 0.030667
0 0.753092 0.669674 0.038420 0.021778
0 0.778792 0.698063 0.085666 0.028778
0 0.854854 0.503228 0.047766 0.063778
0 0.755636 0.321070 0.045170 0.021778
0 0.224760 0.316879 0.081008 0.029976
0 0.206224 0.509908 0.029853 0.285537
0 0.688212 0.510984 0.033914 0.279785
0 0.449267 0.654674 0.439178 0.015239
0 0.418219 0.672895 0.050861 0.021202
0 0.483012 0.672895 0.054842 0.021202
0 0.242829 0.040594 0.105635 0.023393
0 0.221932 0.071212 0.051899 0.019953
0 0.313329 0.071556 0.112525 0.024770
0 0.905622 0.054699 0.063840 0.021329
0 0.434953 0.125912 0.464796 0.026146
0 0.224142 0.191276 0.079915 0.030274
0 0.237920 0.238751 0.083590 0.050915
0 0.345452 0.230961 0.015780 0.019806
0 0.428189 0.194224 0.074634 0.012778
0 0.436079 0.233197 0.050324 0.034500
0 0.551100 0.231600 0.015780 0.021084
0 0.641343 0.193585 0.086575 0.019167
0 0.641769 0.231919 0.095105 0.037056
0 0.757388 0.231600 0.018765 0.019806
0 0.844005 0.196780 0.078045 0.026834
0 0.844645 0.233836 0.080178 0.030667
0 0.965552 0.231600 0.016633 0.019806
0 0.685074 0.322416 0.032609 0.019265