0 0.127764 0.050984 0.247403 0.044723
0 0.070023 0.107335 0.104852 0.020871
0 0.086222 0.131932 0.090125 0.022361
0 0.322021 0.121497 0.058906 0.046213
0 0.501388 0.121869 0.043001 0.045468
0 0.059994 0.204830 0.083410 0.023256
0 0.122199 0.275045 0.104616 0.047406
0 0.137396 0.324687 0.067152 0.033989
0 0.122867 0.360763 0.084039 0.013914
0 0.323161 0.205903 0.112392 0.030411
0 0.373348 0.277460 0.139253 0.053667
0 0.385011 0.325760 0.070687 0.033989
0 0.371934 0.362433 0.089772 0.021467
0 0.556073 0.206351 0.079169 0.025939
0 0.620044 0.273435 0.185906 0.076029
0 0.629587 0.328444 0.070687 0.037567
0 0.616864 0.359302 0.093306 0.016995
0 0.812736 0.203667 0.098254 0.027728
0 0.817716 0.244285 0.038485 0.020871
0 0.897435 0.234347 0.035343 0.015901
0 0.931207 0.405784 0.069901 0.016895
0 0.123523 0.483005 0.207819 0.042934
0 0.055242 0.705297 0.040568 0.371782
0 0.266196 0.900910 0.392157 0.031889
0 0.135272 0.943922 0.065155 0.021778
0 0.218866 0.944699 0.047944 0.026445
0 0.292319 0.944699 0.041183 0.020222
0 0.376836 0.945088 0.074989 0.017889
0 0.546229 0.486583 0.069273 0.035778
0 0.546387 0.731763 0.043983 0.422381
0 0.767636 0.945339 0.365214 0.027827