0 0.458865 0.036982 0.384989 0.059626
0 0.949431 0.032723 0.038152 0.025554
0 0.306465 0.158026 0.117231 0.023957
0 0.518590 0.158292 0.027747 0.021295
0 0.559170 0.159623 0.030522 0.020763
0 0.289089 0.233623 0.136862 0.035669
0 0.473640 0.235486 0.144284 0.029813
0 0.284961 0.336158 0.131659 0.035669
0 0.470345 0.335625 0.134226 0.029280
0 0.405244 0.396582 0.162320 0.028748
0 0.693733 0.261188 0.118767 0.084685
0 0.894963 0.260542 0.080020 0.078221
0 0.704304 0.326157 0.040852 0.024565
0 0.887803 0.324540 0.037904 0.026505
0 0.895300 0.518864 0.090970 0.075635
0 0.901196 0.582216 0.045485 0.016161
0 0.693312 0.517248 0.101078 0.078867
0 0.705947 0.584802 0.040431 0.027797
0 0.796833 0.772273 0.137298 0.074342
0 0.730290 0.835303 0.050539 0.031030
0 0.821050 0.840151 0.119188 0.029090
0 0.497445 0.772697 0.102201 0.079945
0 0.502850 0.840575 0.035377 0.030168
0 0.299774 0.775337 0.119399 0.079190
0 0.305179 0.839821 0.041765 0.024134
0 0.081698 0.034198 0.086792 0.023893
0 0.025566 0.075467 0.037736 0.022445
0 0.093491 0.118909 0.110377 0.023893
0 0.051509 0.159454 0.089623 0.022445
0 0.079340 0.247424 0.083962 0.115844
0 0.032642 0.331049 0.052830 0.029685
0 0.084057 0.373404 0.088679 0.028961
0 0.026981 0.416701 0.041509 0.028961
0 0.068726 0.505033 0.060849 0.118740
0 0.029811 0.584675 0.050943 0.023169
0 0.062358 0.627031 0.050000 0.029685