0 0.199882 0.275028 0.009827 0.286905
0 0.248526 0.270039 0.078616 0.285242
0 0.433717 0.066710 0.033903 0.026611
0 0.432243 0.145297 0.039800 0.030770
0 0.430768 0.208084 0.080090 0.036591
0 0.433225 0.271286 0.085004 0.036591
0 0.434208 0.333657 0.094831 0.034928
0 0.431506 0.395612 0.084513 0.037422
0 0.434699 0.472037 0.038817 0.024948
0 0.646226 0.071534 0.077634 0.019959
0 0.718947 0.074028 0.051101 0.024948
0 0.786065 0.072360 0.057980 0.029384
0 0.850334 0.070143 0.052083 0.020513
0 0.903892 0.074855 0.036688 0.022176
0 0.959087 0.073469 0.057324 0.026057
0 0.675457 0.164398 0.015009 0.066529
0 0.674028 0.250945 0.015723 0.057457
0 0.673671 0.325941 0.013579 0.057457
0 0.676887 0.395494 0.016438 0.055037
0 0.744961 0.352553 0.019654 0.125195
0 0.743711 0.159680 0.017153 0.073786
0 0.744961 0.241631 0.013937 0.056247
0 0.813751 0.145165 0.016438 0.064110
0 0.813751 0.224394 0.015009 0.060481
0 0.813215 0.287597 0.015366 0.058666
0 0.814496 0.390687 0.019049 0.119752
0 0.883557 0.315663 0.017840 0.262021
0 0.882801 0.140999 0.018142 0.060899
0 0.952195 0.175031 0.016026 0.137152
0 0.952044 0.355785 0.015723 0.191193
0 0.675284 0.481831 0.059567 0.016888
0 0.743922 0.488484 0.052915 0.042476
0 0.816703 0.481319 0.053822 0.020982
0 0.884132 0.481831 0.045356 0.016888
0 0.952649 0.481575 0.043541 0.024564
0 0.236418 0.586108 0.069941 0.027529
0 0.288874 0.638069 0.108979 0.029594
0 0.476415 0.638413 0.108979 0.033035
0 0.244876 0.841165 0.073195 0.046800
0 0.313964 0.961261 0.111825 0.026841
0 0.516753 0.853209 0.069941 0.041982
0 0.700472 0.948529 0.108979 0.030282
0 0.936117 0.750319 0.077668 0.045423
0 0.701814 0.649838 0.092306 0.027529
0 0.654394 0.582066 0.062456 0.026611
0 0.053140 0.539892 0.095814 0.037422
0 0.025870 0.474715 0.037588 0.026819
0 0.027528 0.433862 0.045327 0.026196
0 0.026238 0.388643 0.039062 0.029314
0 0.061616 0.350285 0.114976 0.028691
0 0.026607 0.307873 0.038325 0.024948
0 0.032503 0.268268 0.058962 0.023077
0 0.027897 0.226479 0.041642 0.025572
0 0.035267 0.187810 0.062279 0.026819
0 0.048718 0.145585 0.047170 0.022453
0 0.128501 0.145585 0.032798 0.022453
0 0.026422 0.109098 0.047538 0.024325
0 0.048165 0.072611 0.031324 0.021206
0 0.128501 0.070428 0.029113 0.020582
0 0.061800 0.035812 0.112397 0.024948