0 0.195401 0.054717 0.387972 0.081941
0 0.135849 0.304852 0.132075 0.120755
0 0.240802 0.333962 0.044811 0.308356
0 0.442392 0.478606 0.367837 0.023161
0 0.601627 0.208432 0.025701 0.019905
0 0.634132 0.208708 0.026609 0.019352
0 0.699897 0.170005 0.057753 0.033727
0 0.685837 0.215067 0.031447 0.023222
0 0.697025 0.286668 0.051403 0.029304
0 0.697478 0.357440 0.056543 0.025987
0 0.932995 0.214514 0.036889 0.026539
0 0.931785 0.285839 0.039308 0.026539
0 0.936472 0.357993 0.034773 0.031516
0 0.685807 0.428931 0.032958 0.025434
0 0.933902 0.430313 0.037494 0.028198
0 0.599359 0.588334 0.026609 0.023775
0 0.632317 0.590545 0.026609 0.025987
0 0.244151 0.738049 0.039623 0.337251
0 0.444151 0.904173 0.366038 0.026739
0 0.132170 0.850264 0.115094 0.108679
0 0.113774 0.657919 0.074528 0.086253
0 0.116132 0.717003 0.051887 0.030189
0 0.102453 0.547084 0.050000 0.031914
0 0.087358 0.405887 0.022642 0.024151
0 0.207406 0.406749 0.015566 0.024151
0 0.720755 0.544496 0.092453 0.037089
0 0.801179 0.603148 0.258962 0.071590
0 0.789623 0.728388 0.229245 0.111267
0 0.751840 0.828442 0.152358 0.031914
0 0.709859 0.890113 0.071226 0.062102
0 0.786509 0.903051 0.048113 0.025876
0 0.854198 0.891838 0.073113 0.058652
0 0.935330 0.902620 0.049528 0.030189
0 0.188792 0.970325 0.188679 0.049288
0 0.939409 0.970325 0.056716 0.039019