0 0.079852 0.075442 0.083109 0.040791
0 0.107648 0.209032 0.139825 0.104016
0 0.258423 0.207502 0.138140 0.111155
0 0.052191 0.286672 0.022063 0.023488
0 0.171827 0.284945 0.017879 0.017270
0 0.268526 0.293788 0.122109 0.042139
0 0.125091 0.370119 0.173258 0.034594
0 0.054336 0.430246 0.029935 0.032946
0 0.055621 0.476290 0.029481 0.033907
0 0.054393 0.525366 0.030955 0.028553
0 0.056112 0.574888 0.029481 0.034800
0 0.305670 0.502166 0.056506 0.196305
0 0.086822 0.660281 0.093848 0.042830
0 0.059552 0.775833 0.041274 0.173998
0 0.205483 0.885140 0.143475 0.035692
0 0.399518 0.764680 0.104658 0.123137
0 0.547072 0.759326 0.096305 0.133844
0 0.704550 0.755311 0.095814 0.138306
0 0.862127 0.761289 0.109080 0.132060
0 0.934601 0.945102 0.057488 0.042830
0 0.211134 0.945816 0.305130 0.041046
0 0.393970 0.101470 0.091263 0.081936
0 0.535993 0.100539 0.068704 0.085660
0 0.682732 0.100074 0.054348 0.088454
0 0.843827 0.101470 0.064602 0.087523
0 0.411249 0.533497 0.123564 0.091247
0 0.358439 0.607984 0.016920 0.020484
0 0.473031 0.606122 0.023585 0.018622
0 0.550502 0.535359 0.094852 0.102420
0 0.513587 0.609381 0.018970 0.023277
0 0.629204 0.607984 0.023585 0.020484
0 0.707598 0.529772 0.104081 0.109869
0 0.667607 0.610312 0.016920 0.021415
0 0.780917 0.608450 0.024098 0.023277
0 0.875718 0.526048 0.128179 0.115455
0 0.821883 0.609381 0.020509 0.019553
0 0.935705 0.607518 0.020509 0.023277