0 0.088296 0.051052 0.073211 0.034355
0 0.679196 0.046221 0.386498 0.052606
0 0.932390 0.049979 0.057980 0.038649
0 0.159316 0.139850 0.280660 0.051532
0 0.089741 0.205553 0.099057 0.046379
0 0.292276 0.210062 0.143278 0.034784
0 0.116274 0.330519 0.159198 0.164903
0 0.235083 0.351132 0.032429 0.267968
0 0.150766 0.487693 0.103184 0.069569
0 0.370991 0.482540 0.180425 0.025766
0 0.330713 0.518153 0.034722 0.020040
0 0.386727 0.517437 0.043239 0.017177
0 0.132637 0.610110 0.176325 0.038036
0 0.132356 0.726671 0.138702 0.160732
0 0.149483 0.889857 0.105571 0.082206
0 0.238488 0.748143 0.016285 0.252754
0 0.337601 0.605815 0.217880 0.049078
0 0.374292 0.876899 0.189016 0.022085
0 0.333760 0.911867 0.035714 0.019877
0 0.391038 0.914075 0.045822 0.021349
0 0.597111 0.202333 0.150354 0.029631
0 0.651061 0.344691 0.108491 0.167480
0 0.638679 0.478675 0.108491 0.059262
0 0.726533 0.356930 0.021226 0.256373
0 0.813797 0.205553 0.187500 0.033496
0 0.848918 0.479670 0.178274 0.025766
0 0.813714 0.516046 0.037805 0.024251
0 0.872329 0.516424 0.050291 0.021977
0 0.606090 0.607946 0.189943 0.026686
0 0.830104 0.606106 0.149933 0.034048
0 0.617377 0.730796 0.116661 0.143554
0 0.648332 0.889810 0.101078 0.058894
0 0.882960 0.658374 0.036641 0.023006
0 0.817049 0.764660 0.040431 0.036809
0 0.812205 0.844719 0.033272 0.031287
0 0.815996 0.929379 0.028218 0.034968
0 0.888224 0.930299 0.033693 0.022085