0 0.119929 0.054341 0.192217 0.054528
0 0.077476 0.162347 0.135613 0.127930
0 0.087500 0.377313 0.139151 0.130028
0 0.084552 0.588083 0.145047 0.136319
0 0.091627 0.806194 0.159198 0.136319
0 0.336321 0.050146 0.082547 0.062917
0 0.314072 0.252876 0.030885 0.288618
0 0.514151 0.409668 0.401842 0.040946
0 0.356357 0.479575 0.044924 0.028962
0 0.461197 0.481073 0.057839 0.031958
0 0.565925 0.479575 0.052785 0.036951
0 0.675764 0.481073 0.064016 0.031958
0 0.341307 0.592725 0.087601 0.041944
0 0.344115 0.715562 0.068509 0.091878
0 0.440982 0.721055 0.065701 0.098869
0 0.345238 0.871855 0.070755 0.098869
0 0.453616 0.870857 0.060647 0.074901
0 0.581087 0.720057 0.081986 0.096872
0 0.680761 0.713565 0.070193 0.093876
0 0.578560 0.873853 0.075809 0.098869
0 0.690869 0.876349 0.039870 0.073902
0 0.575472 0.593724 0.087601 0.047936
0 0.864205 0.222556 0.097061 0.033878
0 0.865112 0.255628 0.066219 0.027425
0 0.864205 0.350003 0.183237 0.090342
0 0.829962 0.461478 0.136520 0.043558
0 0.890512 0.568113 0.162373 0.098408
0 0.892507 0.723147 0.154209 0.106474
0 0.890466 0.873178 0.165548 0.103248