0 0.220727 0.039946 0.381521 0.051559
0 0.060141 0.107530 0.058962 0.030657
0 0.093091 0.237124 0.141509 0.175579
0 0.049390 0.351390 0.081853 0.025083
0 0.077483 0.483074 0.110294 0.199269
0 0.028926 0.627718 0.052026 0.037624
0 0.081992 0.698786 0.116537 0.082216
0 0.061529 0.767067 0.110294 0.029263
0 0.071934 0.819323 0.096421 0.033444
0 0.219836 0.096086 0.027309 0.031170
0 0.271040 0.099203 0.037860 0.029923
0 0.336209 0.098580 0.052756 0.036157
0 0.399206 0.097956 0.034757 0.032417
0 0.455065 0.097333 0.040963 0.038651
0 0.506579 0.098580 0.029791 0.033664
0 0.566783 0.097333 0.043446 0.033664
0 0.641758 0.099203 0.073237 0.037404
0 0.287488 0.147829 0.150199 0.027430
0 0.218595 0.201441 0.034757 0.024936
0 0.308280 0.200818 0.123510 0.028676
0 0.449044 0.197701 0.113580 0.034910
0 0.566348 0.197077 0.041584 0.031170
0 0.670308 0.200194 0.088133 0.029923
0 0.759930 0.200818 0.045929 0.028676
0 0.240007 0.285600 0.099926 0.068574
0 0.375621 0.263781 0.100546 0.034910
0 0.504531 0.284977 0.087512 0.067327
0 0.736408 0.299939 0.132200 0.044885
0 0.867366 0.303679 0.107373 0.044885
0 0.965181 0.304926 0.021723 0.032417
0 0.222203 0.525525 0.045485 0.359851
0 0.622024 0.698682 0.749888 0.033842
0 0.250562 0.738164 0.051662 0.027073
0 0.256458 0.776518 0.066824 0.031586
0 0.401056 0.737600 0.089847 0.023689
0 0.374663 0.778774 0.041554 0.027073
0 0.504268 0.737036 0.039308 0.024817
0 0.530099 0.782159 0.090970 0.033842
0 0.660097 0.737600 0.089286 0.030458
0 0.660377 0.780467 0.090970 0.034970
0 0.763140 0.756777 0.033693 0.064299
0 0.926213 0.759597 0.099955 0.065427
0 0.228892 0.921117 0.056604 0.027243
0 0.391333 0.968495 0.068986 0.062777
0 0.490684 0.921117 0.037736 0.022505
0 0.661085 0.967903 0.068396 0.061592
0 0.781073 0.917563 0.090212 0.036718
0 0.927123 0.964350 0.068396 0.068699