0 0.054147 0.022148 0.104167 0.035558
0 0.102300 0.086350 0.052083 0.043460
0 0.294910 0.083881 0.062893 0.032595
0 0.038915 0.163886 0.028498 0.026668
0 0.166421 0.150058 0.038817 0.028644
0 0.174774 0.268090 0.042748 0.027656
0 0.060780 0.308587 0.027024 0.027656
0 0.229560 0.297722 0.046187 0.027656
0 0.348713 0.134254 0.046678 0.034570
0 0.348958 0.293277 0.031447 0.032595
0 0.449342 0.021655 0.091883 0.034570
0 0.446787 0.099190 0.074194 0.025681
0 0.517541 0.098203 0.045696 0.027656
0 0.575177 0.099190 0.051101 0.027656
0 0.623575 0.099190 0.026042 0.029632
0 0.861881 0.095733 0.023094 0.026668
0 0.427673 0.272041 0.039308 0.314094
0 0.696541 0.490821 0.519851 0.060251
0 0.465575 0.578703 0.128356 0.033734
0 0.904572 0.626569 0.068033 0.034646
0 0.820664 0.710449 0.034470 0.089351
0 0.914777 0.760139 0.135613 0.035558
0 0.908881 0.823961 0.034924 0.037381
0 0.815902 0.914223 0.026760 0.112144
0 0.907747 0.968472 0.136067 0.023705
0 0.457139 0.645716 0.068487 0.027352
0 0.538099 0.644804 0.080733 0.025529
0 0.429245 0.810741 0.036284 0.284463
0 0.592979 0.963457 0.304790 0.033734
0 0.093070 0.389973 0.180515 0.031911
0 0.051796 0.462183 0.079826 0.026440
0 0.044312 0.498652 0.063951 0.020970
0 0.045220 0.525093 0.067580 0.022793
0 0.055715 0.744924 0.085850 0.407752
0 0.137889 0.460676 0.079660 0.022160
0 0.161330 0.718243 0.039459 0.458327
0 0.223502 0.462146 0.077691 0.027889
0 0.249514 0.714537 0.043701 0.465738
0 0.315760 0.458660 0.091565 0.032072
0 0.349750 0.718023 0.027747 0.464344
0 0.026669 0.967067 0.029028 0.024313
0 0.154511 0.967978 0.047170 0.022490
0 0.241624 0.967674 0.050496 0.027960
0 0.350629 0.967067 0.030842 0.025529