0 0.102241 0.103159 0.182783 0.139182
0 0.299104 0.106761 0.170283 0.126281
0 0.503962 0.104387 0.149057 0.131028
0 0.703255 0.101064 0.165566 0.135776
0 0.903962 0.106761 0.156604 0.130079
0 0.074078 0.219828 0.142581 0.041000
0 0.055585 0.277552 0.094876 0.031290
0 0.203795 0.300749 0.050386 0.060421
0 0.028516 0.379513 0.051458 0.066895
0 0.070326 0.571027 0.097556 0.039921
0 0.275890 0.342289 0.050922 0.033448
0 0.275890 0.438316 0.026265 0.145659
0 0.461996 0.218641 0.258898 0.042079
0 0.353184 0.398287 0.044490 0.222264
0 0.553388 0.282299 0.045026 0.050711
0 0.571076 0.320602 0.041810 0.025895
0 0.523371 0.334089 0.043954 0.035605
0 0.562500 0.354050 0.039666 0.032369
0 0.612082 0.369155 0.043418 0.028053
0 0.624142 0.281220 0.049314 0.026974
0 0.421795 0.397208 0.047706 0.030211
0 0.476737 0.381024 0.048242 0.034527
0 0.521226 0.394511 0.036449 0.033448
0 0.571612 0.422024 0.049314 0.030211
0 0.407054 0.472735 0.050386 0.053948
0 0.431175 0.560669 0.037521 0.031290
0 0.519082 0.559051 0.035377 0.032369
0 0.610742 0.559590 0.036449 0.031290
0 0.514526 0.588183 0.098092 0.023737
0 0.833035 0.221279 0.300911 0.029467
0 0.714297 0.269572 0.042290 0.024555
0 0.765737 0.267935 0.041884 0.026193
0 0.835475 0.267116 0.074821 0.029467
0 0.700472 0.306814 0.035784 0.023737
0 0.702098 0.465606 0.026025 0.031922
0 0.836085 0.541728 0.294811 0.074485
0 0.083530 0.645489 0.159198 0.030660
0 0.015723 0.824308 0.023585 0.299679
0 0.224843 0.963763 0.399961 0.030660
0 0.599329 0.642123 0.263970 0.031041
0 0.714351 0.690510 0.482221 0.029215
0 0.507381 0.808589 0.030136 0.158247
0 0.591282 0.808149 0.057652 0.153851
0 0.652865 0.808589 0.051537 0.152972
0 0.748166 0.808149 0.045423 0.155609
0 0.826214 0.809028 0.052848 0.160884
0 0.934748 0.808149 0.047170 0.174950
0 0.938679 0.921119 0.040182 0.033408
0 0.824773 0.919361 0.052411 0.042199
0 0.745938 0.921999 0.049354 0.045716
0 0.651380 0.920680 0.055905 0.037803
0 0.584993 0.917603 0.053284 0.033408
0 0.507642 0.915622 0.033962 0.030383