0 0.049764 0.041418 0.051887 0.035767
0 0.210731 0.045250 0.071934 0.038322
0 0.381722 0.045250 0.093160 0.033212
0 0.364069 0.084712 0.034017 0.027513
0 0.232311 0.088151 0.083454 0.034391
0 0.055561 0.086678 0.044902 0.031443
0 0.083228 0.264038 0.114750 0.040287
0 0.194575 0.241929 0.106132 0.031443
0 0.311139 0.246351 0.107946 0.044217
0 0.081761 0.407451 0.123166 0.041633
0 0.159067 0.492610 0.279525 0.092729
0 0.253931 0.641638 0.436932 0.159910
0 0.457729 0.910506 0.869739 0.174904
0 0.214269 0.715879 0.015330 0.040876