0 0.476203 0.926124 0.121855 0.027571
0 0.444606 0.961028 0.018747 0.016425
0 0.675286 0.599448 0.134771 0.259830
0 0.458432 0.431538 0.088865 0.025329
0 0.410630 0.374752 0.037062 0.026146
0 0.538915 0.230452 0.296626 0.142548
0 0.429245 0.138939 0.066401 0.026398
0 0.546580 0.140832 0.157384 0.017599
0 0.844022 0.205243 0.204554 0.153108
0 0.428459 0.096746 0.035735 0.029811
0 0.507433 0.094320 0.078616 0.024958
0 0.589444 0.093627 0.037521 0.023571
0 0.662843 0.094666 0.071112 0.022878
0 0.772942 0.093627 0.107204 0.030504
0 0.309387 0.038480 0.141038 0.053077
0 0.266934 0.097506 0.062736 0.022878
0 0.296415 0.277969 0.127358 0.277283
0 0.256321 0.452758 0.087736 0.033860
0 0.286509 0.542989 0.112264 0.118051
0 0.231792 0.635508 0.037736 0.029284
0 0.275660 0.741205 0.085849 0.156487
0 0.237689 0.852210 0.043868 0.029284
0 0.289340 0.938232 0.116981 0.111645
0 0.097972 0.490095 0.174057 0.022878
0 0.047500 0.447084 0.073113 0.021048
0 0.139481 0.450287 0.075000 0.023793
0 0.068255 0.407276 0.094811 0.023793
0 0.062358 0.321712 0.113208 0.019218
0 0.156462 0.321712 0.033491 0.026539
0 0.042783 0.366553 0.073113 0.021048
0 0.084292 0.345963 0.158962 0.020133
0 0.034057 0.289865 0.033019 0.022878
0 0.035000 0.250515 0.048113 0.017387
0 0.122736 0.248685 0.045283 0.021048
0 0.024387 0.214367 0.038208 0.018303
0 0.107642 0.216198 0.030189 0.018303
0 0.089481 0.162205 0.175000 0.062229
0 0.026954 0.093113 0.043450 0.024708
0 0.048443 0.040494 0.089151 0.051247
0 0.191132 0.030244 0.015094 0.029284