0 0.572170 0.258928 0.398585 0.120536
0 0.575708 0.661897 0.653302 0.160715
0 0.315660 0.773658 0.078302 0.023635
0 0.524623 0.773658 0.060377 0.027416
0 0.761038 0.771767 0.096226 0.029307
0 0.574953 0.940385 0.300472 0.119230
0 0.193759 0.043683 0.338353 0.047269
0 0.051116 0.095497 0.058509 0.027271
0 0.206912 0.092315 0.046263 0.024544
0 0.276760 0.090952 0.056241 0.021817
0 0.334588 0.092770 0.025853 0.021817
0 0.186502 0.144130 0.030842 0.020907
0 0.271771 0.142312 0.120646 0.017271
0 0.078102 0.206398 0.116110 0.143625
0 0.041818 0.314571 0.068940 0.025453
0 0.069258 0.435016 0.102050 0.189985
0 0.025490 0.564734 0.043541 0.021817
0 0.076061 0.622911 0.110214 0.065450
0 0.055878 0.693360 0.107946 0.026362
0 0.049075 0.669271 0.003628 0.005454
0 0.061774 0.733357 0.084361 0.026362