0 0.207456 0.805017 0.052612 0.028301
0 0.375272 0.906617 0.068033 0.165087
0 0.474374 0.808979 0.037645 0.037734
0 0.640602 0.880203 0.048077 0.125466
0 0.239659 0.735398 0.070755 0.032074
0 0.328511 0.735398 0.056694 0.033961
0 0.773449 0.806149 0.079372 0.032074
0 0.933146 0.904070 0.078012 0.166031
0 0.201230 0.511665 0.042958 0.324110
0 0.610259 0.679851 0.773416 0.036791
0 0.218907 0.267392 0.084513 0.067859
0 0.333491 0.269845 0.092767 0.064588
0 0.435888 0.250632 0.053852 0.021257
0 0.794379 0.282926 0.060142 0.025345
0 0.887146 0.287423 0.089230 0.034338
0 0.971069 0.285787 0.021226 0.027798
0 0.195662 0.186443 0.031343 0.023882
0 0.263313 0.187088 0.082857 0.023882
0 0.330065 0.175470 0.019240 0.017427
0 0.359546 0.193220 0.079444 0.023236
0 0.484142 0.188379 0.098995 0.022591
0 0.596729 0.187733 0.034446 0.017427
0 0.719836 0.089883 0.019240 0.021300
0 0.666770 0.090205 0.046549 0.027109
0 0.594464 0.089883 0.034136 0.026464
0 0.525043 0.088914 0.065479 0.029691
0 0.457764 0.086333 0.028240 0.027109
0 0.407957 0.088269 0.032274 0.030982
0 0.360228 0.087624 0.026688 0.028400
0 0.304990 0.088269 0.044687 0.025818
0 0.245904 0.087946 0.032274 0.026464
0 0.199665 0.088592 0.022344 0.025173
0 0.260197 0.136959 0.138041 0.031020
0 0.178586 0.030915 0.304315 0.046890
0 0.056257 0.094037 0.064512 0.023084
0 0.083657 0.209098 0.124168 0.152213
0 0.044707 0.323222 0.080813 0.028134
0 0.075229 0.450548 0.107173 0.194775
0 0.028579 0.587251 0.045782 0.023806
0 0.080605 0.648930 0.120006 0.060597
0 0.059795 0.723305 0.106826 0.028134
0 0.066731 0.769835 0.090178 0.037512